
853299943522566163
822613402341605416
1071188252788277369
1281973980483424338
975154799198744656
853299943522566163
822613402341605416
1071188252788277369
853299943522566163
822613402341605416
1071188252788277369
1281973980483424338
975154799198744656
853299943522566163
822613402341605416
1071188252788277369
1281973980483424338
853299943522566163
822613402341605416
1071188252788277369
1281973980483424338
853299943522566163
822613402341605416
1071188252788277369
853299943522566163
822613402341605416
1071188252788277369
1281973980483424338
975154799198744656
853299943522566163
822613402341605416
1071188252788277369
853299943522566163
822613402341605416
1071188252788277369
1281973980483424338
975154799198744656
1231307090446778420
853299943522566163
822613402341605416
1071188252788277369
1281973980483424338
975154799198744656
1231307090446778420
1102338071883694081
909210649782026271
1248613340444364864
1293263530891411498
1212542156871311416
1190291762317631558
1302166454233333870
842489842414911539
1269332914718642218
1190679146376994898
299327111955742720
978322359222169642
902400018466603088
1169754045494341743
985739118510219275
1293383738771771452
295600073117532170
1189369789471268868
1235733579531685938
1036024585050669076
447468158010261504
1267229165858590720
847654649582452767
728621385550659634
1364256464067236021
1098611867976474726
1336550912428343336
1306325854409982053
1273027166371844128
1009841769787174923
1239263693041041511
890034127657635901
705784444140781609
686315822108508189
252202759338590220
1137472657688907948
825470595235053600
831036555492851722
690268737227587614
1067296910282588210
1317218677309046923
989650649006350346
1295224031653662782
1232768919731830875
630822532609474561
1233216565097529436
841856727963795478
1152957024661934111
1330501433841160316
1331256930336899115
1302001564231401534
1243885228431380480
529718123549687818
756643773110419622
723733030837026906
539489560124456963
538861341792927795
626602547523878953
761011872928497664
381509316706041866
778899774816256020
936557412234723380
720691050527850548
689301635893297226
700877154367438898
509488228362092564
396648427754225665
890117328568741900
1236369511351980123
715985901745864837
1266882500639326281
1209219534943166614
1097698216067215380
741746643744981036
1175598284937642087
1328434945450053662
1099865407466262598
1111582324602183750
478361609345957908
1339654253211287667
1116767594796548136
852746114489647104
321062126737424385
975046142981185619
533449171634487328
1318257209498669178
1282835132230799360
1179856821150818307
1240030055162445926
1308166546987679845
1043150354260430981
917377231699972168
1191111888063434895
901452674778673202
1259589676734615584
1184647336312442890
527956956217081856
515686367465046036
660338777201442836
956991780845391872
1129976245736701992
875950303608995871
667104408714346497
842489842414911539
645085712697262100
801132432677011486
958104301467762759
1100879296979013683
368794946611838987
990707051590201435
703660274233638953
1318697750862364762
450342398799773707
1139375714802610209
612995603051446285
1183926236590919772
749996302019854437
1256470786559180861
1253118205438853221
1074044968668233788
885897413003477002
995346948020256780
1081242984663744532
692388629619933255
625319957076639765
824513563178565633
960545115242377236
910913560379539526
306165951043469312
1083490364289192006
926880833149763624
865086027155636244
466768604382232596
362682419402244098
422464498813763584
1017581022801559653
803751965574037511
318247325682368512
974680209964032061
710952473468076184
931653844327362660
1136806807046725713
879102621728796713
1169414240952651888
956673018095083613
978750066099621959
1263670121864630376
1094474788493340693
439955580627451904
385159891523862528
526055398239633418
1314361111939645523
1316819401986674792
738118088045756578
709395846294274128
1207075298076786748
1042623008981909566
703247190520365116
402558012356558849
1099713101022117949
775133004284559360
852581540298489916
354818388238925844
718255935621038132
402109718606118914
354466867794149376
905910500339105822
1283614560905072703
675869382311804928
1066313754087792701
429033054162518017
709919314685460560
1326277243403632763
706544730959511603
814684759661084672
899687551831531561
491068428740853781
920651344673665074
946436440194175056
829461821748543528
820834570722738228
878338308885852284
1258146292731740292
1265793712630530131
689854120525299722
1326996166088589322
636701041483579412
1274120934479106100
782784154806911016
1285764840354484288
537303657150939136
718192110226112563
192203761052155904
248595683869851649
888567678829228112
1133597655608606782
963995109777608725
704830179268231169
734905674991140937
677243121666490502
1078442828067242054
728685425962778727
1201675180884373504
853334605682835517
418119243268096002
972749550706122752
722192484813504607
327215449559400460
551897156290740240
911050102121058385
509528170731536408
505493541514903562
1159859488090751087
599196076062539786
441353618222874704
258942459604762625
348244636625797122
743488326106873957
1203635969404702731
810645027263873025
844065371913060362
1271616767185391708
386681546574266374
344173497381289996
1161473908415934525
1058538060431753286
813080586234757121
1184749708812488744
1316556669198667849
287676249109692418
599935030323838976
562768634104250400
523829045884878858
962886469586927646
524328534035005441
1006325054826631282
1108498727020285963
1029965215636402217
1240478973155348513
311203691371823106
933758384602243142
1312389013877035122
1208167405658832987
920024261350002738
691670232804098060
985260592841511012
1139600827502313553
1102715702038765700
215250765646790657
284825372749463552
1116528864831737926
515218974393368587
467848108147998730
1375623828511654009
800406714447822850
745881591905124443
1238273533935882363
716408412929523712
1264294948761501717
478661375544000513
550140449264893953
956269897602727966
353721243288993795
1180343758907256922
709475922511921214
746489403589001307
1052264176204140684
407607896164139008
1114397154157547530
988768291520667678
1213887633114144779
809954800224698389
308424005411405824
361698770540560404
852667499634884658
629453457954308116
674651575460954142
452834806280224769
530178025753542656
600773642401480794
751861719503995004
758167482925449237
1031349188207841422
871577665121959976
1177609745746636832
932078863096377388
1236002992835264653
1295954968221581347
533831015500873729
413380694736371713
706265297727914036
709844144159457381
1383235253191311381
561579232979976213
406274737354964992
1031344859866472490
1149868872565018635
829377992962605116
795843556257955841
882545415701037106
661211144845000745
616040383784157188
375039155010535424
1103056624039510116
1194093383380111390
427515851286249473
1293772619018932305
1370108533399359538
890697345564545056
1077399256136167534
778459353338216458
549752006403686401
899803782840451082
405185810158321675
1327512607103520780
488346686578491393
1164587037261840457
1067943514446512270
311562508303335434
340581888324403211
352627592899067905
712648394258120735
672509479350173726
540564728875974666
1335618959193669724
1243887695818915893
1011840756010451004
1341135565768097855
1187171564010078262
267641605853413376
807800943629959178
1257821450514071582
932732161180708924
1175661841410703502
1160061682706550915
606926922315726873
624248605737484290
1278991556061298711
877545132096905217
831592939070816257
816076206217625650
1105312600813752381
856529593635831829
749461132342984735
463633087360925717
1100146576124551168
141576303655518208
366053395129171970
655769593075204097
353614073243500556
743655448669847613
406178990978760705
727686073383387178
488663886199783451
390577946638942210
1002417808224825384
571473686960537625
831590435092693112
1181697887357378580
629820815814426634
919010712150491187
796614046916935691
689932120826577013
681215045686132745
936550709363634216
979870428807983144
487326454602792971
819770005162950687
936812979129831524
579068910331101185
367841625835044875
720806727041286255
713466282468442155
408729957452480519
847992906718642206
1064304819696844892
1263507208923123776
706351491719495740
1353557190979354635
1226345859403350199
1019431708459794514
856899576031346689
996199358640959572
1141108131632525353
723390069947498588
1152719134128341075
556532590266417163
691472143401091085
1054907436223430676
969029531216252929
399540170153787392
961322217432555521
485121485074333696
1088443030169718835
762726917694292038
950428509984141432
398644218777567232
543530435721035778
545831920207134731
908941836620554281
688590310753960019
353227979897307138
940671345316999208
473963855953920010
741297997014368366
767112830536384523
1340485638209667133
493564842926407711
329439745706950667
935712816671887405
984354891600375821
959567300133007431
1166195909676245092
415222181321244674
697586864063905812
334750510701740032
1302044839227035761
1198349668460023811
1008185306266218517
758764928478740480
433820937675341837
986827109806772244
604747771135655946
842221458935906324
901491170427940884
672143786805166081
266720358718111754
1319006413057687654
382040507372666891
962864595456888832
471406814374658048
700500480249430037
529718123549687818
756643773110419622
723733030837026906
539489560124456963
538861341792927795
1120016869538140273
820892528639344700
487328943582478357
1120016869538140273
820892528639344700
487328943582478357
1120016869538140273
820892528639344700
487328943582478357
724076904961015838
406159192890802179
1352080468849332275
1365918055602978878
527666512606003230
720390898793316482
1120016869538140273
820892528639344700
487328943582478357
487328943582478357
820892528639344700
487328943582478357
724076904961015838
406159192890802179
1352080468849332275
1365918055602978878
527666512606003230
720390898793316482
1243762165114994800
930332127889870918
925041117194498068
487328943582478357
1120016869538140273
820892528639344700
487328943582478357
724076904961015838
406159192890802179
1120016869538140273
820892528639344700
386681546574266374
529718123549687818
1271616767185391708
386681546574266374
529718123549687818
756643773110419622
772744657636687903
1255998387812040840
1204110181642932267
870145194044059658
481537132121292800
1332491436918181978
1125686892172685394
830612007014367322
648659973798232064
1134960397435285574
1024068055535472821
1116792388829057074
787523158978330634
782691741240786944
1277444722415239223
1357482623806607503
837377150645829694
1348061832467710013
755135678890901616
484438647970463764
1376726910419206317
1160629608891285524
1310043714902560829
748242593090896053
937937001112555531
1303317498485276726
343199222369091595
1354853630230007980
1349687493322211392
1215010140286226592
1043655611528777788
728724664825806918
1031607030139592733
1277767419582087242
1324015414971338936
1251951773573185619
1314407050645868627
396010317793984516
638018762213294126
1054537018325082193
1061590852272668712
811683853378912367
988513673125462026
1371996040525254656
729746104568119320
470746287738978317
1198468953782095882
1091909636178858016
840141084855631902
978495917244186674
1380813811908608041
995001806172209262
1216440765853470880
406681999026421781
547527801641631754
947752259117273128
925979167957352470
1168203225460133949
813036541102260245
1372617865408286856
1046228144929112204
