925979167957352470
1018407379987083275
1168203225460133949
813036541102260245
1372617865408286856
1046228144929112204
1282121964470800415
931226982451138580
1076948693602799707
733046605413875813
485244199810105364
1028067283748257822
997515349979312179
949866900454780942
534748751684960256
483311935727599616
556303851637178370
1344074592582369341
526552693683257364
770118221113589771
639196188570157067
895630500880846849
1218525002757046342
1350893211073384489
856486879498600450
878323199891353682
1337211199531782216
613494553537806367
669700587281186836
1257094958104576052
497519549483319316
1046856423671345205
1360285016755535912
880999758683062282
705511384749834271
1222608512601817292
1301090162553524304
691238050214445146
748282616850940005
929004188762009630
1078478990974664776
1080545656130769007
1079407748271329411
1310360094076174516
1114287902529159308
396682604755025920
947316060309291078
602440682640113666
1145321678226849833
706518711095394405
523569554216058883
1299841055604346962
1302354251942727764
1249136292302819448
898408798509744170
566037351420395521
896978108501065839
670229509395709962
995836277133955175
780202940119646268
1298350839202844736
1357718116242690319
1377122302851813447
1223028349379805224
954519518368133150
372497413556011008
1285005290265247825
801136078206664734
1080637349471469688
1341218876201107510
710212313667338260
1010734122194452491
349563786966859788
1372017421615108206
721474187138695229
993368675845419058
665725357789282304
1293922581866348615
555029870048968744
980999185815969822
899148770397282335
1335786263025815623
762322643352944710
1243992021052424238
526492039236419625
